6 1000
-1.599126960 0.0334960491 -6.975075506 -6.04720452 -8.256837e+00 -6.85678336
0.119208799 0.6969531502 0.701492808 3.70716972 2.010114e+00 4.78393307
-0.109617599 1.1635826076 2.648851170 7.73678089 7.730065e+00 9.96109707
-0.208722569 -0.6038566751 -3.333443817 -5.03653945 -3.366260e+00 -3.87485884
0.065957287 0.5135329305 2.303423038 3.16867973 2.058357e+00 3.09632943
0.934231405 0.9059180865 6.089118084 9.08107463 8.527322e+00 12.71100574
-0.656118482 -0.2804508484 -4.238168870 -3.83598859 -4.326324e+00 -4.63719773
0.475727215 -0.3331129702 0.491293294 -1.37221832 -2.715849e+00 -1.39649145
-1.255633872 1.4750135689 0.617817711 9.04823353 9.617294e+00 9.45778534
0.379091104 -0.5659815082 0.603089176 -3.58529935 -4.894997e+00 -4.77283144
-0.513040405 -1.0972348060 -7.329098709 -8.44961337 -7.620398e+00 -11.65843393
-1.271514445 1.2824146888 -0.601049083 7.40457485 6.159326e+00 7.66709644
1.044415635 -1.0761177477 1.194355503 -3.13891701 -2.374887e+00 -3.64298569
0.332531802 -0.4635935341 0.357972601 -2.60123914 -4.407368e+00 -2.83151316
1.263036178 2.0545815923 12.384578483 17.29572890 1.872443e+01 19.87122738
-0.281479925 -1.4326131064 -4.487407401 -9.27853892 -1.022234e+01 -12.02300460
0.045484870 -0.7947861356 -1.556071518 -5.55253988 -4.437226e+00 -8.63842534
-0.166304245 -0.2574934733 -1.916642932 -0.80967842 -1.172257e+00 -0.70946075
0.415213345 -0.6362888592 1.133251694 -1.84556043 -2.727874e+00 -1.71845868
-1.021827929 -0.1377436104 -3.218812699 -4.41219183 -5.526306e+00 -3.60959955
0.367618217 0.5798077137 4.942885944 6.34259795 6.363526e+00 6.80974521
0.266405607 -2.5135374184 -4.165241437 -16.26247322 -1.639671e+01 -18.21937696
0.380581691 0.4842127732 2.123731880 4.16080298 5.188397e+00 7.17380754
0.212910967 0.7280643515 4.613117649 5.87012160 6.264826e+00 5.12411116
0.511320785 -2.1514569133 -4.755995049 -13.80684295 -1.563799e+01 -16.59834620
0.958590431 -1.2649743651 0.759993530 -5.46136621 -3.566686e+00 -7.41039487
0.050062312 -0.8190556935 -0.942655692 -4.30426849 -3.282331e+00 -4.61441325
0.322374039 -0.1792334696 0.820247120 0.42162714 -2.005704e+00 0.29349460
-1.277209102 -0.2977532370 -5.597333507 -3.59058058 -4.387247e+00 -3.81009994
0.011319555 0.4057123461 2.524284504 3.87697261 3.813578e+00 4.89181030
-0.709819950 0.7343483523 -1.346159325 3.39143712 4.539091e+00 4.39342193
0.557682029 -2.6259873719 -7.408063536 -18.32590238 -1.869103e+01 -21.18430547
-0.179415562 1.5442550729 4.400664764 10.95524236 1.107520e+01 13.38923950
-1.052064627 -0.7200742022 -4.938097307 -6.64205407 -6.450259e+00 -7.83779669
0.310734270 -1.6099297533 -2.359976677 -10.39341026 -9.204677e+00 -13.70216921
-0.692210546 1.3720058107 -0.524679094 5.56160688 5.402823e+00 6.31258220
-0.711050231 1.5175663051 0.001582569 6.71042324 5.965317e+00 7.18753715
0.304738779 0.4719617059 2.505203909 3.62582619 3.635311e+00 3.91845802
-1.487822922 2.9978572379 3.715532469 16.59260930 1.620820e+01 19.82340407
1.077852906 -0.7748106362 2.603531070 -2.66276302 -3.623767e+00 -3.47912945
-0.626510875 0.6823922044 -0.813825627 2.20227267 3.126496e+00 2.26505908
-0.396599746 -0.5554973345 -2.609126439 -3.31060545 -4.446746e+00 -3.08615045
1.561804187 -1.4686651730 1.766798385 -6.21288407 -5.427187e+00 -6.90185621
0.458704525 -0.6865469418 -1.603250040 -5.18845796 -6.236435e+00 -6.11883311
-0.933657362 -0.4466804554 -4.841167615 -7.08092478 -9.270942e+00 -7.18919503
1.335213135 1.9757201034 10.456349160 15.26448329 1.704646e+01 17.54585406
1.380778020 -0.5873847205 4.074715455 1.25355522 1.736945e+00 -0.80599343
0.601522833 -0.3078084190 2.545750920 0.12106989 6.441417e-01 -0.45576670
-1.243075542 1.2890111804 -0.722449013 6.07107761 6.332257e+00 5.85203997
-0.116682906 -0.5090417576 -3.042071684 -5.22802379 -5.150764e+00 -6.32588680
-0.546585029 0.8973481559 0.633964296 5.65218594 4.272831e+00 5.90353620
-2.460598593 0.0268208642 -9.743796292 -4.77987639 -4.109337e+00 -6.88766790
2.315741603 0.6338448232 11.293516089 10.56863039 9.817040e+00 13.08130239
-0.380685375 0.1841197244 -1.876227352 0.30903150 -6.256166e-01 1.98780998
0.042513415 -1.6311734926 -6.274372680 -13.68025833 -1.296710e+01 -15.79387331
1.125067227 0.4797060294 4.853541764 5.83661367 6.362357e+00 5.54360666
0.666871093 0.3654912329 3.162315048 4.32132460 4.289671e+00 5.49043179
0.119639683 -4.0185603101 -11.691502387 -29.10276933 -2.870350e+01 -38.42198266
0.852732974 0.6302034001 5.580056751 7.04737667 6.697271e+00 7.49046201
0.117739987 2.8371021658 8.340767598 20.40412058 1.964599e+01 22.98960548
-0.797945293 -1.4505313162 -6.139932803 -10.95906804 -1.075859e+01 -12.94224118
0.505820507 0.5806709480 3.801712716 5.19187053 5.824788e+00 6.83859512
0.428940893 0.4155978283 4.591354273 5.93282783 6.154833e+00 5.39206092
0.522022808 0.4781646557 1.557361009 3.50385616 4.569858e+00 3.62745233
-0.492292584 -0.1577598404 0.321182254 0.05905480 -2.043959e+00 0.93683890
0.709841525 -1.7884297715 -3.711758720 -11.01793608 -8.976621e+00 -12.43527838
-0.119286161 -0.1388785916 -1.673866160 -0.75764525 -2.121158e+00 -1.02655136
-0.103931470 0.3132186034 -0.240007449 0.46715567 -1.052178e+00 -0.29563331
0.733040317 0.3534526100 5.537693503 4.08276815 4.808764e+00 5.06769508
1.253980226 -0.0129157719 5.285283719 4.01972793 4.858583e+00 4.76470958
0.040786256 -0.4889835410 -0.668187196 -2.51602059 -2.795190e+00 -2.56070899
3.345074202 -0.6002438455 12.391414971 4.30151383 3.993327e+00 5.13555234
0.138864427 -0.8989706664 -2.179621033 -7.43716879 -8.198109e+00 -8.49001551
0.891705555 0.6469458641 4.639432824 7.30643671 5.902960e+00 7.59754232
0.088063216 0.6409214443 0.522650604 3.03393280 2.906205e+00 3.90711988
0.874235906 0.5415781475 4.229457863 6.29598455 5.300132e+00 7.61243879
-0.530178962 0.4022909013 -0.476185450 2.78526734 1.791689e+00 4.67952140
-0.044008377 1.6189649354 6.479335658 11.67432967 1.081197e+01 12.05495068
-1.192819201 -0.7969525568 -7.416070402 -8.10242447 -9.010928e+00 -7.03420841
0.123110862 -1.3622232264 -4.465717187 -9.22656709 -9.393600e+00 -12.14148314
-1.498821298 -1.3340613806 -10.880133840 -13.97323685 -1.366613e+01 -16.53141156
-1.069803419 -1.4005464549 -9.582282611 -14.21195203 -1.393178e+01 -17.65578653
1.188680843 1.6306241142 9.383476163 13.86739110 1.465540e+01 18.19606319
0.422730854 0.1998824594 1.272303728 2.48665084 1.843276e+00 2.32205726
0.591686644 -0.5624207263 1.582526136 -1.83662414 -1.637928e+00 -3.18324282
0.713480701 0.8897994524 5.203457862 7.46270363 8.423247e+00 6.80686324
0.104945237 1.4904896155 6.249462077 10.95995550 1.012033e+01 10.87766766
1.376810167 -1.1202898096 1.919525795 -4.72060501 -4.305642e+00 -6.46584323
-0.698145046 -0.4506676284 -4.304529968 -5.15862460 -5.900235e+00 -5.74803129
-0.715301522 -0.0835450452 -2.979191340 -2.44700699 -3.961597e+00 -4.07668622
-0.273336795 -0.3484593167 -1.851837841 -3.93105618 -3.618555e+00 -4.57578429
1.849560826 1.2448380175 10.838928730 15.90754120 1.542945e+01 18.40207821
-2.082759254 0.0548887282 -8.291066900 -6.18147760 -7.848751e+00 -7.00454741
-1.152807902 1.1823698125 -2.831293868 2.92521357 2.535714e+00 3.49989411
-0.228983281 -0.5821746226 -2.680802846 -4.98578455 -5.629290e+00 -6.24733416
0.214187758 0.7205185315 2.471480174 6.21664893 8.542959e+00 8.09826536
0.152218278 0.5426847238 2.274046128 3.93300008 2.667728e+00 4.26607462
-0.756719216 1.2576706300 1.822072287 8.91398707 1.181870e+01 9.67207747
0.559451934 0.9044123473 4.908882048 7.89518986 7.472756e+00 10.10077164
-0.368351879 1.0655833551 1.810164230 6.20153465 7.975818e+00 7.65693829
-1.807758808 1.2615046254 -4.584751995 3.26463004 4.225501e+00 5.07820217
-1.068505572 0.6041764622 -2.485540420 1.91861947 3.338878e+00 4.22969145
0.895747364 1.2090980460 9.091480313 12.78307974 1.211194e+01 14.68551190
0.686489105 0.0303957509 2.061750578 0.70337820 6.864295e-01 1.27157125
-1.471787560 0.2453386980 -4.458222902 -0.38852234 -1.762800e+00 0.28131619
1.113167269 0.4870463315 5.954633938 6.76162890 6.395340e+00 6.47116717
-0.623321058 -0.8154263797 -5.414167123 -8.62965385 -8.913224e+00 -11.73796841
0.213642493 0.5599206728 2.501621139 3.99430589 2.501058e+00 4.82299163
1.768091755 -1.0152066773 3.784338348 -2.66096510 -4.189746e+00 -1.69176303
-0.801448641 -0.7093974106 -5.562646426 -8.01877224 -6.542807e+00 -11.64885283
1.053274139 -0.2680755598 1.828095726 -1.22288206 -7.888891e-01 -0.92138534
-0.268682715 -0.6361543174 -3.858892633 -5.27370585 -3.689557e+00 -5.69485518
0.390644092 -0.6678342278 -0.496650824 -2.75434259 -3.559326e+00 -3.03648512
1.111018684 -0.3125704193 4.535160081 2.57585375 1.736013e+00 3.03631602
0.375498130 0.4986485516 3.211858635 2.64151088 1.963624e+00 2.37517862
1.006406799 0.3044826136 3.928653953 4.99709450 5.374474e+00 6.32354952
2.012654279 -1.2125665593 4.633951031 -2.16992436 -2.888262e+00 -2.64443465
0.150273196 0.5526356699 2.720126850 6.18714238 6.247740e+00 6.77493036
0.809674227 -1.3888311222 -0.332025568 -7.06876665 -6.181589e+00 -8.48403732
-0.378090749 0.2797343519 -0.163317870 0.45765923 1.018382e+00 0.95770448
-0.297889037 2.3951110157 5.482369904 15.63328689 1.503200e+01 18.39038626
0.697567325 -0.1293581474 0.906807771 2.03982093 2.946726e+00 2.67719504
-1.477342070 -0.1372766554 -6.846986926 -7.05986322 -7.230515e+00 -10.38756572
0.505811562 -1.5574374329 -3.613993042 -8.68771295 -9.134992e+00 -9.55382529
2.552620391 0.6602194286 12.126935695 11.58138043 1.182028e+01 12.32756120
0.101006109 0.0954387243 0.471625698 0.13054797 -8.237988e-01 -1.64135155
-1.083769735 1.0303583229 0.030969576 4.09427476 5.169484e+00 3.95216289
-0.117695266 1.0355721773 2.521654856 6.77439360 6.213060e+00 8.70040616
0.192067605 -1.7343803398 -2.631915985 -8.80066035 -8.715538e+00 -10.92543402
1.562607683 1.8603005773 11.005841417 17.36252431 1.778059e+01 20.07595243
0.944499180 1.4274139047 9.628902197 14.26137728 1.214620e+01 17.72898082
0.721109152 -0.1964188178 2.295877330 1.22010918 2.978285e+00 2.47707087
1.282207008 -0.6291365129 2.542408409 -2.77608132 -8.649516e-01 -3.81495048
0.541446014 -1.0089132821 -1.189657122 -4.62614819 -4.156790e+00 -3.31207751
0.279001419 -0.9351994202 -0.239106598 -4.02410422 -5.416620e+00 -5.66497285
1.461186850 -1.7385981112 -0.309418930 -9.56189070 -9.548561e+00 -11.89040128
0.324586854 0.0840719472 1.490386006 1.47879277 2.217552e+00 3.92537204
-0.952319258 -0.5896369990 -5.348276339 -7.64333677 -8.225660e+00 -9.62241314
-0.795684976 -0.5497347290 -3.218378632 -4.72185903 -3.961048e+00 -6.53474324
0.119802491 0.2863815010 1.915941013 3.64475843 3.672354e+00 5.90647586
-0.086763977 0.3490787934 1.296519583 2.63167727 2.375714e+00 2.99578886
-1.065970796 0.2381854340 -3.404339565 -1.85466257 -3.203405e+00 -1.36825572
0.334288831 0.0338285251 1.083639429 1.93851474 1.029271e+00 2.40202834
0.764858953 0.5826155804 5.103855119 7.93019402 8.337375e+00 9.46276532
-0.973785116 0.8046480176 -1.848638845 3.91414545 4.103950e+00 4.53405874
-0.316386584 -1.2187382132 -4.709779093 -9.31494967 -8.333732e+00 -13.02394182
0.860415747 -0.6197804824 0.543912180 -4.01165881 -4.364632e+00 -5.12122335
0.041458913 -1.9965609249 -6.327193357 -13.33573329 -1.309479e+01 -15.77645463
1.196729913 -0.7387434763 1.432562456 -2.86824458 -2.095499e+00 -3.09505730
1.515465536 0.8870365913 9.011362706 11.89822454 1.228258e+01 15.39229337
-2.314083310 1.5476095303 -4.999797217 4.04495233 4.481143e+00 5.30751532
-1.460817082 -0.3293811445 -5.709990091 -6.67667487 -7.463537e+00 -9.29749125
-0.037340421 1.3136191119 3.774421939 9.55482623 9.764706e+00 9.99989171
0.834015119 -2.1997637744 -2.115491497 -13.35338203 -1.279214e+01 -17.54120130
-1.663024019 -0.9986621329 -8.145016177 -12.25003391 -1.154416e+01 -14.23348417
-1.334426111 -0.1432116457 -6.227261336 -5.48600681 -6.258666e+00 -7.72561312
0.572833430 0.5492263745 2.274320652 4.25720918 3.246552e+00 4.88901754
0.987666009 0.1507682033 3.497478695 1.69093931 1.275269e+00 3.19594153
-0.333935972 1.5297669459 4.052285164 10.28743752 1.069718e+01 11.09993190
-1.625668772 -1.3065780292 -9.334332254 -12.45499908 -1.360840e+01 -14.98446372
-0.433423075 -0.4243824400 -3.617214181 -3.92149466 -2.966462e+00 -4.61983782
0.752208430 -1.3123741973 -0.278015314 -4.65114007 -3.769594e+00 -6.67370934
1.501838858 -0.2212401104 4.458950327 1.98339395 1.314083e+00 2.34599554
-0.329166535 0.4688569227 -0.157800942 2.92458811 1.425448e+00 3.95360415
-0.759651688 1.5951646193 2.248345386 12.65100800 1.338329e+01 14.59127442
-0.684248753 -1.7961616843 -7.938913530 -14.60505103 -1.513071e+01 -16.82634776
1.117179567 -0.0223424597 3.140687064 1.51729458 1.968217e+00 2.23783802
0.042822315 0.1087933941 0.314801662 -0.68101772 -5.719236e-01 -1.91539727
0.160803683 -1.1640754281 -2.553936979 -7.20000883 -6.017894e+00 -8.45723912
0.843857002 -1.7364465673 -1.375139333 -9.76673736 -9.528656e+00 -11.77454052
-2.503447853 -0.5305737640 -11.436338937 -8.54598351 -7.325073e+00 -11.12751592
-0.098923337 -0.1738156553 -0.126738427 -0.75592469 -5.720545e-01 -1.51107951
-0.142266634 0.5136347850 0.943821516 4.47937462 2.532037e+00 4.85570792
-1.244591773 0.3318372639 -4.249932256 -0.62278563 -2.968835e-02 0.48874233
1.129740730 0.1506911804 6.497892720 6.30130207 6.966687e+00 8.29728762
-1.885657673 0.9525311285 -3.912155117 2.73911351 4.208093e+00 3.12360528
-0.267546645 -0.0589086491 0.069680392 1.20570264 1.821196e+00 0.29722998
0.057617614 -0.3875543793 -1.553478775 -3.98804854 -3.965690e+00 -4.86165234
0.597861166 0.7355967637 2.286072433 6.27399253 5.959151e+00 8.76585255
0.812469335 0.0610702869 6.655692346 3.35209711 3.648005e+00 4.43498916
-0.224011432 1.0453727310 1.798790173 7.72531893 6.031596e+00 9.14270494
1.230755397 -0.5013129009 0.879963387 -2.82677093 -3.505625e+00 -1.43696804
-0.409063266 -1.7555721832 -7.207451972 -13.52090693 -1.353848e+01 -15.70014717
-0.834582774 -0.2181657917 -5.085951908 -6.27220250 -6.579557e+00 -6.58234834
1.170397181 -2.6505588317 -3.531606486 -17.03737377 -1.750521e+01 -19.19508692
-1.583181068 -0.1626898862 -6.794199919 -4.62742714 -4.015841e+00 -6.01220953
1.553376571 -0.4243089713 4.703381635 2.24218720 2.746694e+00 3.83292734
-1.226343872 -0.1742011673 -6.788098227 -5.23677620 -3.536687e+00 -6.24559100
1.228440842 0.6408351989 8.509440482 7.55802117 7.627838e+00 8.18951311
-0.727416703 -0.6905284905 -4.759843170 -6.97397293 -7.785736e+00 -6.42167529
-0.007149682 -0.6309928490 -0.923856430 -4.44401413 -4.748572e+00 -3.90640912
0.173821037 0.9188437961 4.089448187 7.25933208 5.429235e+00 8.63084079
2.297902976 0.5770155424 11.966926184 10.57699268 9.371045e+00 14.44188463
0.547319903 -1.4136976195 -1.920367059 -9.90379255 -8.240966e+00 -11.85176282
1.987581674 2.6254740117 16.275735041 25.49564369 2.389789e+01 30.68601199
0.533096868 -1.6477240730 -3.122821750 -11.37125672 -1.127015e+01 -12.89191463
0.758395673 -0.5334911279 3.428121477 -1.56831480 -2.085351e+00 -3.67621025
-0.480483984 2.4767958358 5.896218710 16.38751787 1.629330e+01 20.29448460
1.334402849 0.3933813846 6.152762170 5.61841437 5.501489e+00 6.45014015
1.152384975 1.4662414827 10.260376326 14.88515123 1.376431e+01 16.75754089
-0.405399728 0.0484400007 -2.629000604 -0.70754063 -1.534002e+00 -2.20196969
-0.205732512 -0.4038520475 -1.446819346 -1.89155218 -1.046642e+00 -1.13219249
1.852886815 0.7314888978 11.719062404 11.98446237 1.117245e+01 15.03277517
0.482505549 -1.1173188318 -1.186541305 -5.49581749 -5.357006e+00 -5.17013660
-1.215093534 0.9139794832 -3.365927486 3.01494334 2.676275e+00 1.93239790
-0.119692657 1.1545707549 2.602711764 9.06672283 8.602598e+00 11.67482013
0.085289513 -0.3855816245 -1.531528175 -2.38998688 -2.159229e-01 -2.24950907
-0.390792095 -0.4414550225 -2.766294103 -4.27391048 -2.862589e+00 -4.60687492
-1.800164204 0.6105300385 -6.395378444 -0.21013088 3.880401e-01 0.75271490
1.112537279 0.6150596485 4.929663672 6.40905601 8.088850e+00 9.28177729
0.382334864 -1.6070210564 -2.892219444 -9.75005498 -9.710157e+00 -11.71990689
-0.661254008 2.0304268487 5.385793198 14.09800678 1.353170e+01 16.01935458
0.007450621 0.1475776288 -1.027217273 0.74511287 5.639430e-01 2.74632487
-0.496856432 0.2802319018 -1.657689959 1.37111615 1.853145e+00 0.51348441
0.149591639 -0.8274363029 -0.100388756 -3.52973047 -3.199513e+00 -2.24095081
0.297995346 0.0582459567 2.713849565 3.29467886 3.136322e+00 2.82296161
1.204116894 0.0814768036 4.944954825 3.61248979 2.716816e+00 4.70452586
0.673362959 0.1655769260 4.304368523 2.77041857 2.812346e+00 2.15843111
-0.543707428 0.6179141235 -1.730082510 3.72648191 5.135125e+00 4.93187304
0.439397139 1.1560201616 4.388790285 8.97810809 7.902708e+00 9.60284450
-0.729343220 -2.1487205637 -8.753635274 -16.04083667 -1.603106e+01 -18.99542838
-0.071719311 -0.4147606664 -0.936321995 -2.80645690 -2.916794e+00 -3.91274515
-0.181785152 -1.9147175927 -5.835294103 -13.64308547 -1.220891e+01 -18.25894184
-0.891762614 0.0122268448 -3.635395694 -3.44602204 -3.073387e+00 -3.72765457
-0.856392503 -2.1917744429 -11.486664068 -18.93116546 -1.848131e+01 -24.68414609
0.438619364 -0.1444712868 1.396951002 -0.20085491 -8.064666e-02 1.98764739
0.252737236 -0.7163858732 -2.010151469 -5.62810396 -4.249245e+00 -8.21367173
-0.711938465 1.2092036541 0.997540949 6.66420833 7.434552e+00 8.78238228
-1.395695298 -0.1551170107 -5.047361156 -3.11952274 -2.349347e+00 -3.85893600
0.335394280 -0.0292241765 1.976191707 1.72996517 1.412757e+00 1.98116488
0.240269004 -2.5559114891 -5.929152308 -17.03216600 -1.710147e+01 -20.79186563
-1.113113370 -0.7925048411 -5.997142958 -8.92104748 -7.809831e+00 -11.88749732
-0.455938397 0.1568600928 -1.424726080 0.70371962 4.998921e-01 2.24946500
0.128148034 -1.0738003155 -2.675397447 -6.68679266 -6.727894e+00 -8.86539872
1.550822602 -0.6094553529 5.525557401 0.17249144 5.974733e-01 -0.30481824
-0.034922976 -1.0150963079 -5.214719906 -9.92845379 -8.668935e+00 -12.86232706
0.948427946 -1.8151041300 -1.979141228 -12.14466624 -1.085775e+01 -13.69083435
0.174054214 1.7109181250 6.011405309 12.36565101 1.256825e+01 14.94420037
-1.029176594 -0.2056472945 -3.809416283 -2.63482864 -3.608618e-01 -3.97975909
-0.632961000 -0.8157331678 -4.808409030 -7.70111625 -7.263301e+00 -9.95729321
0.707335980 -0.5818722514 2.162945460 -3.09856636 -2.165258e+00 -4.36000170
-0.753305048 -0.0644974331 -2.264772621 -1.41364331 -3.027256e+00 -0.46911521
0.853077456 1.1477520437 7.274108338 10.72532746 1.021237e+01 11.06972827
-0.566397884 1.0730097951 1.475068048 6.43733875 4.573437e+00 7.37164284
-0.364859491 -1.8302344790 -7.207950781 -13.63247852 -1.329580e+01 -17.26423265
-0.645910507 0.0419129545 -2.437301232 -0.21860180 -3.051399e-01 -0.86738369
-1.941426742 -0.5361869231 -9.878401129 -8.27685144 -8.161785e+00 -9.50998586
1.232075756 1.1609721520 8.984459984 14.34799530 1.338506e+01 20.10459559
-0.670167393 -1.0514218393 -7.446159094 -10.71942846 -9.989165e+00 -14.13593921
1.456781394 0.1335018051 6.391022707 5.26224019 4.277343e+00 4.49596963
-1.652367373 0.3257347954 -3.990414540 -1.58704825 -1.254370e+00 -0.86748290
1.971944759 0.2698211507 9.301930907 8.51777453 1.051018e+01 11.47149091
-1.372990033 -0.6751896451 -6.672533062 -8.19218528 -9.517644e+00 -8.09170750
0.263050514 0.2306420493 0.490071305 1.21804689 2.202167e+00 1.23063488
1.420502003 -0.2509318363 2.828298361 0.46554964 -8.400163e-02 2.11352688
-0.096063504 0.5190167339 -0.468553798 3.78168498 3.219959e+00 3.41842122
0.364764804 -1.2763483071 -3.755218457 -9.40881150 -1.004426e+01 -11.00272344
-0.825311468 -0.9656224821 -4.999378425 -8.39589408 -8.603754e+00 -9.23307774
-1.764507544 -0.5303085152 -9.433487451 -9.51433626 -1.021325e+01 -12.12025247
0.893306629 2.0277954328 7.577470595 16.39103553 1.807231e+01 19.77076633
0.769896612 2.1415009185 7.829919230 16.84634552 1.662278e+01 21.54220827
0.453366397 0.8518904978 3.294934754 5.78934772 5.888533e+00 5.97449555
-1.074068543 -0.5159650092 -5.200897337 -6.02705581 -6.684840e+00 -7.97484044
-0.530366160 -0.4800475598 -4.358105273 -4.79011775 -5.289668e+00 -5.76811047
1.254962710 0.7791814896 8.324194586 9.24650903 9.751247e+00 10.30829642
0.220238961 -0.6377151086 0.245010888 -1.87991560 -2.811505e+00 -3.15361991
0.417135375 1.4407829761 5.839779154 13.36741075 1.419873e+01 17.36227155
-0.156817957 -0.4418190788 -3.928668076 -5.35017577 -5.594362e+00 -4.96140403
-2.227172797 0.9502718538 -6.228584241 1.83056388 2.476949e+00 1.79049030
-0.217267417 1.0355098786 1.556293798 6.00825847 6.192017e+00 8.20072096
0.163786903 0.8005501139 1.885176561 4.58777262 4.933429e+00 6.16597380
1.221063695 1.3054358382 7.491547698 11.20930608 1.228924e+01 13.38385365
0.324140644 -0.5317458319 -0.709383717 -3.34077789 -4.288788e+00 -2.76350953
-0.280042444 -1.5043078852 -6.236239551 -10.57076643 -1.043959e+01 -11.97618033
-0.516505244 1.5847087645 1.647407803 8.76556789 9.298512e+00 9.51639578
1.167867967 -0.0822009816 4.710573329 2.69743348 4.200507e+00 1.56028856
-0.897587042 -0.0755968637 -5.587432143 -3.86632248 -5.055993e+00 -3.21242728
-0.664255446 0.7085646161 -1.460920438 3.48803053 3.701375e+00 3.22252844
1.971987829 1.9993777927 13.804219099 19.98268611 1.838660e+01 24.34621495
0.456591959 -1.0040802873 -3.562304385 -6.77666807 -5.968503e+00 -7.19167672
-1.280231161 0.6090281904 -4.919190444 -0.82120502 -3.114930e+00 -0.30989357
1.165651435 0.2763321882 5.196018158 3.45794166 3.559128e+00 4.72056082
1.854764503 1.0761593549 10.653010331 10.69668360 1.110940e+01 13.38598251
-0.825111950 -0.5044266316 -2.946274446 -4.39979096 -4.423912e+00 -5.22787370
2.194998523 -2.1950740765 1.617884469 -10.27865675 -1.014844e+01 -13.29536974
-0.004666681 0.0659542683 1.301854830 2.65269789 2.989700e+00 4.24213455
0.739214892 -1.0966388644 0.444969497 -4.49583652 -4.665570e+00 -5.50987779
-1.559217948 1.4038752798 -1.924029331 5.14058615 5.297753e+00 6.46763072
0.294227294 1.7522310259 5.353158365 11.84803417 1.066760e+01 13.52584327
2.164875342 0.4337383344 8.797589571 9.61411101 7.707947e+00 11.60805901
0.345064699 0.9517135050 4.714905827 7.64728524 7.443294e+00 8.76081281
0.398218312 -1.8515591699 -4.261291919 -13.93336131 -1.274019e+01 -16.20780432
-0.065543195 -1.0088141375 -3.308351528 -7.51278636 -7.503127e+00 -8.77633097
1.445969933 0.4305365732 6.923396200 5.64452056 5.547152e+00 7.16417353
0.338625431 -0.2180119937 0.124535316 -1.85243146 -1.288960e+00 -1.76536435
-0.797276202 -2.0030229199 -9.194185173 -17.64399848 -2.022120e+01 -20.17447493
-0.821588086 -1.4562199031 -6.195791574 -11.45559061 -1.169579e+01 -11.97059065
0.762065044 0.0808399197 3.889434535 2.71996610 2.660887e+00 3.27896821
-1.246824168 0.1849224940 -5.012301992 -1.05111188 -9.773879e-02 -0.72081528
-0.631054915 0.0248260383 -0.586191983 0.25094043 5.598339e-01 1.70507264
0.576394149 0.8430792677 3.357521629 6.00976845 5.690997e+00 6.68554096
-1.632381005 -1.8299067045 -12.280633381 -17.01222052 -1.713121e+01 -20.85876287
-0.021517589 0.0782570857 0.733240418 0.49680299 3.294802e-01 0.76113805
-0.564189691 -0.2737133945 -4.823076520 -5.84306302 -5.856089e+00 -7.41111415
-0.193155422 1.5435366643 4.150556192 9.62545859 1.006816e+01 9.21513740
0.865254472 1.0591298609 8.048879718 12.16855174 1.213834e+01 15.75329068
1.134555879 0.0418201334 3.718983875 3.39937277 4.171493e+00 4.28312914
-1.473343896 -1.3613186326 -11.360338126 -15.28579583 -1.569181e+01 -19.80388552
0.058722873 0.5695028502 1.843292262 4.81853375 2.905222e+00 5.22606733
-0.783499152 -0.9664616677 -5.497871247 -10.23035053 -1.030543e+01 -11.43186961
-0.087768726 -0.7186639703 -2.404836636 -7.44922427 -8.259465e+00 -8.08379160
-0.665165280 -1.4514420982 -9.441090355 -13.69830830 -1.400489e+01 -16.62590698
0.280155780 0.3151602342 3.499005451 3.47295007 3.076517e+00 4.31895116
-1.452959570 0.4014680873 -4.081196488 -0.81520598 1.683318e-01 -2.44680139
1.170478192 -0.4049338254 4.127069773 2.39223380 4.441060e+00 2.43337859
-0.702451524 -1.1484041509 -6.184975659 -9.70681699 -8.148237e+00 -10.90532124
1.473944977 0.4192446660 6.364762741 6.80299199 7.169358e+00 8.20265523
-0.783305269 -0.7270989664 -6.063201580 -6.71033314 -7.023829e+00 -7.24884459
0.485967433 1.1590555182 4.824101940 8.55293658 6.419796e+00 10.73263125
-0.922915512 -0.7933335432 -6.980839467 -8.30395010 -1.001322e+01 -8.95299103
-1.120643263 0.1281970518 -4.078252527 -0.64625850 -1.545849e+00 -1.33858882
-0.556747132 1.1791703692 1.048110872 5.75757743 5.851497e+00 7.76113906
-1.614495601 0.6023285075 -6.877596641 -2.44269336 -2.632252e+00 -4.25564485
2.868208367 -1.0619864708 8.041825570 0.65224661 5.589832e-01 -0.21663072
-0.461994924 -0.8233510994 -4.879174145 -6.26141134 -7.531408e+00 -8.55199701
-1.548515267 -1.0322380329 -10.171562063 -12.86220451 -1.466547e+01 -15.48319557
-1.173173603 1.1313392458 -1.067274952 6.66032828 5.298826e+00 10.01462504
-0.624745477 0.7706713820 -1.157191624 1.31200858 -6.549867e-04 2.79424727
0.468460263 -0.8396867520 -0.596884450 -5.14385487 -7.444265e+00 -5.68249943
0.130091436 -0.0763299205 0.081885394 -1.70339638 -8.771798e-01 -2.50085317
0.193054494 0.5611270682 1.582142075 4.92461075 5.016104e+00 4.76915955
-0.161568180 0.0606314732 -1.664636541 -1.19743019 -3.644457e-01 -1.75698012
0.031803767 1.2960444680 4.105915740 8.81056274 1.040546e+01 11.36859385
0.205743229 1.0489753558 2.183383489 6.27984133 6.208211e+00 8.48024007
0.293326302 -0.4455757729 -0.801242633 -2.06934175 -2.790449e+00 -2.40150603
0.288427263 1.0552817963 4.123367097 8.79018198 9.562784e+00 10.69769479
-0.606145607 -1.3275533886 -5.715375122 -11.36212092 -1.188101e+01 -12.80229541
-2.701512062 0.9161989193 -7.314317088 -1.18972051 -2.448772e+00 -2.03072709
1.682634742 -1.7185502369 0.199486483 -8.12868565 -7.742395e+00 -10.36471295
0.463296520 1.0436246816 4.204933665 8.26521838 7.747338e+00 9.27481375
-0.629483836 1.6357658196 2.074111396 9.15921187 1.039628e+01 12.02268447
0.292457060 0.1481814128 1.002751978 1.48906855 1.891384e+00 2.63404217
-0.232802978 -0.5893675070 -2.807759514 -4.42385223 -4.030930e+00 -5.02933588
-0.384642984 -1.8418628427 -7.071319007 -14.48825663 -1.283568e+01 -16.64520293
0.994232512 -0.5278529747 2.685241180 -1.80579848 -2.047147e-01 -1.52519965
1.203081051 0.5168163473 4.326812224 3.35295500 1.781225e+00 3.28597960
-0.809899580 -0.6635474044 -5.542669005 -6.74448974 -8.645954e+00 -7.94290195
1.119208716 1.3297724002 8.420195484 13.16195621 1.255615e+01 15.79576807
0.567071566 0.0342083551 2.011811092 0.89966625 1.261225e+00 1.51840928
0.327970102 -0.1042872450 2.581512439 -0.21264512 -4.888357e-01 0.96637164
1.341272592 0.1703735138 5.397046233 4.35754199 4.817946e+00 7.02554754
0.135738712 -1.3686890623 -3.644141286 -9.43715546 -9.708217e+00 -12.19258126
0.970619056 -1.1212580607 -1.468925203 -8.85227728 -7.651713e+00 -10.23097459
0.564384109 -1.3491554141 -2.393818956 -7.14987455 -6.456530e+00 -8.67685960
-0.588214917 2.4178037023 4.332088470 14.40772381 1.454021e+01 16.30513546
0.287871134 0.9531411635 3.765051431 8.16827159 9.888610e+00 10.48417127
-0.782069438 -0.4061419168 -6.886919126 -5.80123610 -4.680446e+00 -6.74620562
2.436906441 0.8158301838 14.796623054 14.37507922 1.520574e+01 17.36280750
0.051537505 0.2620772463 0.885060332 2.13361600 1.276849e+00 1.96962413
0.364012597 0.0269399765 3.011237255 1.25117082 2.671139e+00 1.07143432
-0.067739763 0.4228265464 1.715501233 3.83496016 3.416405e+00 3.05907082
0.225333631 -0.9958813042 -1.251031155 -6.30743409 -7.035148e+00 -7.16312826
-0.443422276 -2.2315482134 -9.437636905 -16.08725349 -1.706591e+01 -19.92058398
-1.326542748 -0.8543952557 -8.103717390 -10.18989239 -1.166068e+01 -13.26566853
-1.133417536 -1.0275229046 -6.825354989 -8.69676016 -8.302904e+00 -10.45158467
0.042939319 1.5286941917 5.091905811 11.89076293 1.192232e+01 16.06419185
-0.445093409 -0.6618742587 -2.592121660 -6.32047851 -7.476021e+00 -7.80164206
2.532727837 1.3267313104 12.982755630 16.17143967 1.696295e+01 20.13839634
-0.390490044 1.0327904827 0.687573213 3.97258644 3.449263e+00 4.63243702
0.006270699 -0.0071712057 -0.016615913 -0.32563309 5.830992e-01 -2.78235720
0.320233563 -0.1987705894 0.358941315 -0.48042572 -2.030559e+00 -0.37417814
0.358490235 -0.4577805712 -1.136983711 -1.45344863 -2.599835e+00 -0.26939656
-0.964500442 0.8119247232 -2.409929902 1.55237808 2.057835e+00 3.37706778
0.227511574 -0.0831964619 -1.027866384 -1.11377226 -1.626726e+00 -1.78072718
-0.891766175 -0.5465182988 -4.907691038 -6.77554269 -6.084445e+00 -6.86515585
-0.198837934 -0.0355133173 -0.335477666 -1.45484170 -1.026522e+00 -2.65959723
0.313355174 -1.1257588314 -0.835606106 -5.85566793 -5.716938e+00 -7.34023255
0.875230648 0.8551031840 9.143755076 10.31139213 9.403051e+00 12.19320973
-0.565876191 -1.3236701378 -5.966791657 -9.81728588 -9.687011e+00 -13.56565792
0.141000810 -0.6260291099 -1.454444606 -3.54521420 -4.148789e+00 -6.80392864
1.673740680 1.2204451238 10.165297520 11.81270076 1.235303e+01 13.70773932
1.538636338 -0.1116317526 4.234850457 2.81056318 3.412520e+00 3.17061781
-1.922103184 0.5489472917 -5.494175083 -0.31660877 -1.213831e+00 0.13689524
1.335037807 -0.4054967936 3.902272169 -0.40643552 -1.206863e+00 -0.84095865
-0.316146723 -0.1202860937 -1.550311524 -1.11989132 2.946730e-01 -1.98431265
0.786431634 0.7219678773 5.681695268 8.72532362 8.950362e+00 10.98969300
-0.626456467 -0.1020768738 -1.080034907 -0.01167611 7.251967e-02 -1.14690239
1.812921938 0.8806428443 11.274344289 10.85030464 1.061776e+01 13.58788997
-0.406893175 -1.1358125999 -4.111821104 -7.76777226 -7.077155e+00 -10.91681754
0.034388869 0.6670039965 2.770128046 6.70725006 7.245026e+00 9.75582535
0.628214516 -0.6134559467 3.266829439 -1.51508549 -1.462124e+00 -1.96990345
0.282919637 -0.6458827040 -1.235975394 -4.11120051 -4.944639e+00 -5.58090490
-1.065129718 -1.9053250336 -10.457750212 -16.44089563 -1.716535e+01 -18.95305444
0.705528066 0.6132930214 4.841628434 5.25699950 5.965500e+00 7.26296693
-1.122815401 1.3035298491 -0.849306669 6.03090586 5.346063e+00 6.51539404
0.376395433 1.3491802206 5.189760961 10.72622035 9.759713e+00 12.84762770
-0.023833569 0.4052479372 1.151055000 2.12753866 1.395370e+00 2.27645388
-1.618697968 1.4932955645 -2.384879068 6.87628515 7.975559e+00 9.63519925
0.446076566 -1.5779735804 -3.095776281 -7.81894496 -7.583883e+00 -9.44284116
0.658125067 1.3171761058 6.890924280 12.44271484 1.232134e+01 13.39285964
-1.700602662 0.3714497320 -3.769936489 0.16911817 1.889306e-02 0.50861778
-0.219773456 -0.3172749039 -2.562263101 -3.89229094 -4.330337e+00 -5.03778288
-1.143918193 -0.0005932008 -2.557677108 -1.35446206 -4.721804e-01 -1.98954751
0.219827192 0.5878021801 3.447504912 6.10394558 6.192818e+00 8.15172133
0.832475396 0.5028533634 6.023042895 7.08482846 6.593858e+00 7.49776025
0.394115326 -0.5357818482 -0.494184173 -2.99948768 -4.625142e+00 -3.94288451
0.178433723 2.4208199140 7.536940824 17.73789599 1.738690e+01 21.46183981
0.084993146 -1.3344713920 -3.126284278 -9.01002216 -1.133057e+01 -10.11262729
-0.364110139 -0.2244924524 -3.178251555 -3.25595669 -2.961953e+00 -5.05594697
0.556665837 -0.2459166393 1.179739395 -1.14178209 4.092378e-01 0.37968509
-1.241359365 0.3227352553 -2.399100179 -1.09960920 -8.972165e-01 -2.49950522
-0.074905864 0.1028799421 -0.266946285 2.18109017 2.090990e+00 1.41507609
0.318402761 -1.3365519068 -2.507646632 -9.27928422 -9.634967e+00 -11.91197319
0.629802373 -0.3184476818 3.124407591 1.58765985 9.076385e-01 2.45986178
0.796745819 0.2757090986 3.244478033 3.32835118 4.969729e+00 4.36117221
0.267174505 0.1915257315 1.339385180 0.63869030 6.637347e-01 0.84218611
-0.885172690 -0.7629968572 -7.155954276 -8.96880738 -9.320504e+00 -12.39000183
-0.068209335 -0.2333733714 -2.085148326 -3.54235397 -2.190846e+00 -3.41420691
0.160718766 -0.6462305145 -1.732276898 -2.84013194 -2.898261e+00 -2.69019124
1.007213427 0.1686704153 5.469594266 4.15730597 3.243198e+00 5.17511707
2.059533118 -0.5524395683 5.028144581 1.14194058 1.403493e+00 1.86912928
0.285969012 -0.4588697438 2.121685507 -0.95947844 -7.488875e-01 0.64669119
0.508774902 -0.3495590496 2.131173166 0.83737437 1.921953e+00 2.06104403
-0.847142328 0.0296745131 -3.965352255 -2.88382395 -2.098917e+00 -3.22386473
1.015794228 0.2747242253 4.457880184 4.81343771 4.802038e+00 6.30880262
0.357893525 -0.2941141942 -0.949439930 -1.72460836 -2.370751e+00 -1.77168478
0.193704806 -0.7256535170 -0.168372158 -3.19180014 -2.606767e+00 -2.18759788
-1.683530508 0.4090552063 -4.944590652 -1.68927887 -2.119063e+00 -1.74391084
-0.568138459 -1.0968865551 -5.888302063 -10.29391521 -9.514090e+00 -13.07828168
-0.550453125 -1.4336662717 -6.674436400 -13.08745238 -1.423343e+01 -15.22226690
-0.216531604 -2.8388170390 -9.162256862 -21.41983159 -2.169563e+01 -24.86416528
-0.180509916 -1.4292419569 -3.992415464 -9.60515552 -9.335892e+00 -11.08697117
0.105288383 -0.3955010532 0.381590068 -0.60577894 -6.236878e-01 -0.58468703
-1.249651278 -1.2007716201 -9.950885727 -13.03912565 -1.375050e+01 -16.63922267
-0.384212018 0.3728402630 0.752670724 4.47225770 5.494167e+00 6.52714893
-0.675948349 0.2624538839 -0.414215478 2.07346990 1.507413e+00 2.10734845
-0.560931007 -0.1865622755 -3.390079142 -3.70744743 -3.900090e+00 -4.28443857
-0.284931021 1.0172647876 3.735786552 8.19704652 9.606627e+00 9.42575692
0.020206509 -0.3045461849 -1.930334379 -3.68474677 -4.597710e+00 -6.22555530
0.885284384 -0.2771354490 3.491897431 1.28071059 3.439935e+00 1.46816787
-0.679373588 -0.1806564770 -3.023703291 -2.57530788 -3.170679e+00 -3.56326997
1.730657158 -0.5435609981 6.915012040 2.79386378 1.618185e+00 3.50829799
-1.073460837 -0.9248619459 -5.939661446 -7.32185916 -7.671948e+00 -8.87338865
1.213596813 -0.6274804906 0.131664690 -1.84844420 -2.298267e+00 -1.77727873
-0.646928260 -0.5707169263 -5.188000011 -5.74806189 -6.533985e+00 -7.15056837
0.092069784 -2.3547954182 -6.249033718 -15.03663420 -1.500870e+01 -15.70805875
-0.713240987 -0.1941182803 -3.094103252 -2.90086436 -2.071368e+00 -3.18968181
-0.438198648 0.0962673193 -1.616030610 1.15419425 1.041593e+00 0.97618196
1.358792361 -0.6970469900 1.233453034 -2.90091161 -5.006053e+00 -0.82394519
0.309832665 -0.2833458800 2.066894175 1.71650092 1.790492e+00 3.00703081
-0.566106385 -0.5511146995 -3.393313646 -6.54551710 -6.745765e+00 -7.53127006
0.257137010 0.0749283867 0.313349104 1.22915338 1.852501e+00 0.23280212
1.676557675 -1.3122594032 1.958501721 -4.88165154 -5.378767e+00 -6.00032794
-0.457139364 0.5255006506 0.504918064 4.18396680 3.592682e+00 3.64082759
0.331720532 -0.4903285459 -1.365555153 -2.32463722 -3.715549e+00 -2.61948271
0.743549096 1.6950436917 7.404601416 12.73940441 1.069838e+01 15.22352063
0.960800149 -0.6651818413 1.852838416 -2.96656566 -3.054914e+00 -3.52324609
1.431449798 1.4064068514 10.334493563 14.72731195 1.473351e+01 19.26783631
1.065335187 -0.7470339029 4.927071128 0.50482137 1.015295e+00 1.33803395
0.555471638 1.0978877533 5.889688397 8.61634580 8.539373e+00 11.18047635
-1.071831390 0.3879868876 -2.190756497 1.68844376 1.201104e+00 2.98573653
-1.190169163 0.4419260979 -2.208166596 -1.03891792 -1.421831e+00 -2.74769604
-0.497276653 -0.1878364061 -2.115840263 -2.37941637 -3.431689e+00 -4.00963480
0.206814012 0.2762904134 2.078537290 2.42906932 3.411842e+00 4.00604750
-0.009098263 -0.3997917165 -0.738479461 -2.53151432 -3.206764e+00 -2.60182224
0.394242978 -1.4628370786 -3.198663600 -11.21015748 -1.111267e+01 -12.85564399
-0.881815991 0.0210051454 -2.769808197 -3.53166615 -4.256537e+00 -3.03500078
0.352259074 0.6443306322 3.349082227 6.06168725 5.384472e+00 7.85160022
-0.035743185 -0.3564366637 -2.663154378 -2.52239590 -3.586521e+00 -2.78531712
-1.947926467 1.0190178207 -4.026528074 1.84382870 2.755805e+00 2.13794195
0.163294896 0.3707369008 1.021564920 3.04795100 2.826862e+00 3.02798160
-0.697887285 -2.2934333346 -10.214000919 -20.90918318 -2.222540e+01 -25.66418278
-0.351906271 -0.2265249241 0.383297286 0.16620476 3.184458e-01 -0.85119760
-1.401390602 -1.2279858393 -9.580597940 -12.47226845 -1.173282e+01 -14.91794681
0.006875300 0.2538981793 0.338981906 0.65219189 5.756764e-01 -0.18862915
0.435814435 0.1888411379 2.385234599 2.11616489 1.963814e+00 1.13543870
-0.705037710 0.2073850641 -2.377376887 -1.32154384 -2.062562e+00 -0.75568105
-0.628204757 -0.0578116599 -3.440062087 -1.75184503 -1.238825e+00 -2.33241893
-0.716181514 2.2884211950 4.807723740 14.83767245 1.554764e+01 17.72528319
-0.110207016 0.3064070099 2.174555280 3.67827933 4.430407e+00 3.57257608
-0.284804218 0.6984886380 2.041121932 4.59661169 5.115072e+00 5.52307533
1.352384787 -0.1663322443 4.168240619 2.38017479 2.315571e+00 2.36330481
-0.801015617 -0.5720077503 -3.398161253 -7.88514761 -6.506819e+00 -10.23579108
0.824314212 1.3060200912 7.470898284 13.76382963 1.350495e+01 17.31374340
0.607185387 -0.0952056948 1.777386215 0.42775917 1.437041e+00 -0.28754910
-0.376509867 0.2233561008 -0.443975292 1.01907475 2.232563e+00 1.21249452
-0.791773310 1.1307630043 1.609872954 6.73561499 5.611773e+00 7.97884549
0.197472032 0.2530471146 4.275195559 5.51367866 5.463672e+00 5.18952531
-0.571110946 -1.1286992893 -5.937590481 -10.73562507 -1.243546e+01 -12.69395693
1.503597120 0.5089277774 6.426720567 7.22092142 5.599123e+00 7.22844162
0.103130103 1.8554083455 6.995960187 15.08091895 1.495883e+01 17.65498889
-1.053841531 0.9228696692 -0.742555788 6.03869893 5.505374e+00 8.06287460
0.961642623 1.4244257968 8.465630743 14.32876773 1.240932e+01 17.29433473
-0.428634552 0.3172754467 -1.702767317 0.84135797 1.824380e-01 1.84075196
-1.564814541 0.5849888561 -5.895225954 -1.05833327 4.395422e-01 -0.91225122
-0.199510128 1.3617768226 4.207669785 9.70456476 1.077286e+01 10.66249703
-1.003254045 -0.9874646074 -7.285748553 -11.10471743 -1.155072e+01 -11.39215356
0.513900623 -0.1501253804 3.391087885 0.72041398 5.142350e-01 0.38732329
2.138334955 -1.3674656330 3.317928257 -4.54012141 -3.860810e+00 -5.47962274
0.266056212 0.7022647206 4.162815137 7.39850179 8.351622e+00 10.18457438
1.120162914 0.2043005778 5.265771999 4.44072411 4.468733e+00 4.26451447
0.300858188 0.8501470516 4.817843972 8.90810031 9.071920e+00 11.52621656
-0.293554820 1.0693611581 3.097129041 7.37677728 7.237062e+00 9.70200549
-0.138237361 1.9916741173 5.549274628 14.87527416 1.410332e+01 18.55254699
0.216062337 0.2869616169 0.854716270 2.07851478 1.304200e+00 4.98300650
-0.914766924 0.1741750288 -3.176669729 -0.07941843 -1.947520e-01 -0.11824112
-0.807267495 0.6807869350 -1.593743268 4.46000266 7.569041e+00 3.73435665
1.762995617 -1.7630422934 1.695539544 -6.70617886 -6.946554e+00 -8.87063721
-2.286073209 1.3311989225 -5.511666558 1.51680587 2.438937e+00 2.02219273
0.901845610 -1.7309111242 -0.294841984 -9.03108239 -1.039402e+01 -10.79110765
0.271909187 0.7095488616 4.691853259 8.03753578 7.754508e+00 10.85100638
0.791245428 0.1347252531 1.818517131 4.02197108 3.951553e+00 4.97130197
1.081963435 -2.6597980957 -3.496093910 -17.42083143 -1.783010e+01 -21.86438684
-0.006193061 0.3374324584 1.629374237 3.88486776 3.302182e+00 4.19211441
-1.362521726 -1.1467459101 -8.974156520 -12.48571146 -9.273431e+00 -15.37683215
-0.982269436 -0.7244300803 -6.790877959 -6.94767270 -7.079237e+00 -6.17863861
1.576541647 0.3701951466 6.445122004 8.43625146 8.999497e+00 9.18841643
-2.999084806 -1.9348029791 -17.018385273 -23.87503535 -2.270630e+01 -28.19944439
-0.370676771 -0.6307793807 -3.118888190 -5.85052758 -6.278567e+00 -6.88742952
0.052158341 1.1581613296 5.263589240 9.65546245 9.888012e+00 11.93724780
1.350448371 -0.8748374905 1.417382709 -4.80867294 -5.763572e+00 -5.17935915
0.643036205 1.0075257923 5.676512333 7.50294409 6.047625e+00 9.89373257
1.070714098 -0.4790664271 2.176893371 0.21267904 7.907596e-01 3.64400848
0.639254474 -0.6347930435 -1.143423695 -4.62368807 -5.913277e+00 -3.94408889
-1.672493073 -0.1222493917 -6.037128541 -5.03180504 -6.582010e+00 -5.93535200
-0.060345036 -1.1159262298 -4.664284055 -8.19674275 -6.576468e+00 -10.21109469
-1.228704143 -2.2561238651 -11.769980679 -20.66883832 -2.022603e+01 -24.87098249
-0.429864545 -0.8887791661 -2.530668294 -7.13027775 -7.547025e+00 -10.09585818
0.496709324 0.4457021488 2.137572339 3.38898671 5.187883e+00 3.38276139
0.462756014 -0.3247630067 1.163328501 -1.58222405 -1.392094e+00 -1.50227653
-0.870195371 -1.0601935685 -7.318187345 -10.19286450 -1.136172e+01 -11.99454866
-1.111433875 -1.3263357478 -8.633096134 -12.29861114 -1.268164e+01 -14.73181439
-0.983859758 0.3012050842 -2.536007736 -1.48859237 -3.359954e+00 -2.36764353
-0.154612056 0.4053710464 -0.629364414 0.97833632 2.145932e+00 0.60699111
-0.103201951 -0.4886063899 0.382821609 -2.12161468 -6.017093e-01 -2.48714243
-0.609207706 0.9040363612 0.201456584 4.78676971 3.881867e+00 5.03381613
1.236939833 1.7067279056 11.092128124 17.13473473 1.720168e+01 21.65078290
0.153668040 0.5914274562 1.336234182 3.57450428 3.103317e+00 4.50039477
1.298455127 -0.1277370192 5.216841996 4.10136587 6.524467e+00 4.27864562
1.035288953 0.2601892858 5.773804510 5.60729680 5.832345e+00 5.68190181
-0.075722135 0.4688757050 0.205319332 3.75194760 4.622335e+00 4.88529044
-0.356088088 -0.3295181073 -2.433846938 -3.15200061 -3.702524e+00 -3.54994097
0.047681920 -1.6201634983 -6.207165846 -12.77785600 -1.150480e+01 -15.93841084
1.529095034 -0.4561337241 4.514243050 0.44470610 1.818291e+00 0.43029593
-0.753595526 0.9432513276 -0.630780378 4.68338745 4.812635e+00 5.64343639
-0.092104809 0.0446171367 0.194170169 -1.31977548 -1.015223e+00 -1.76789766
0.708737840 -1.5213071618 -2.802720764 -9.61131368 -9.728666e+00 -11.62523200
1.231178081 -0.8413503467 1.142992788 -2.23978721 -1.554439e+00 -2.47139471
-2.482383386 0.3796183043 -8.911321876 -2.95924448 -1.622993e+00 -3.49510877
0.212781038 0.7254005732 4.715073612 9.62848302 1.015996e+01 11.30874913
-1.170123721 0.0552231795 -4.069087142 -4.06468828 -4.146836e+00 -4.45231867
-0.139709595 0.6695526169 0.514786619 1.92115626 4.227943e+00 2.14033001
0.632548122 -0.3185913645 0.464269529 -1.55156089 -9.204764e-01 -1.17923677
-0.230559759 0.6487505798 -0.159660925 0.94987237 2.556769e+00 0.88467619
0.731902346 -0.4710297215 2.300930606 -1.76505570 -9.679954e-01 -3.50599940
1.991171967 1.1863559689 10.878935372 14.15961427 1.246722e+01 16.74302966
-0.901363426 1.6254674536 1.765693913 8.35414878 9.084105e+00 11.06880877
-0.262973080 -1.0416721745 -6.100922579 -9.76280880 -8.639650e+00 -11.19269037
-2.105923240 1.1762896378 -6.425412645 2.71874013 2.887064e+00 2.48153939
-1.332790112 1.4366618023 -0.445835197 7.97361198 7.603916e+00 8.81414516
0.151910445 -0.2447242167 0.768235965 -0.76701578 4.205594e-01 -1.07183148
-1.878299438 1.4361508108 -1.767471578 5.95487583 5.358600e+00 8.13899104
-0.692969600 -0.1102333683 -5.124399068 -3.62386149 -4.924444e+00 -4.86802629
1.896360176 0.5951754555 9.114461306 11.32773767 1.094143e+01 13.09939159
-1.255908160 0.2905702438 -4.828968050 -3.15955011 -2.246280e+00 -4.90093816
-0.557873831 0.0558065399 -2.441284378 -3.41024377 -3.487750e+00 -2.82136030
0.420990324 -1.0725151467 -0.513951752 -5.98882094 -4.713539e+00 -8.99739487
-0.040426173 0.3087493835 1.384924152 3.18274514 4.069626e+00 3.56216606
-0.439175613 1.0722869579 -0.439560513 6.62819132 7.090865e+00 7.71922915
-0.334497009 0.7269216816 0.683600164 5.51418609 4.651087e+00 6.57590396
-0.520074031 -0.2598409528 -2.709085150 -3.62536024 -4.047472e+00 -4.72295132
1.809041095 0.0765185481 7.007301624 4.91917936 5.298261e+00 6.75569157
-0.929836355 -1.9462117324 -10.681534806 -17.05571335 -1.690582e+01 -21.46287928
1.673828529 0.6082750349 10.423808076 9.49624843 9.609902e+00 10.58488121
0.172724880 1.2652038609 2.758064150 9.05856407 8.602270e+00 10.70233069
1.103060393 -0.3715284564 2.775452813 0.35124097 9.506302e-01 0.34455808
-1.062560674 1.3520817380 1.606642840 7.96924423 6.279153e+00 8.40627416
-0.596541090 -0.2097303400 -4.260697857 -3.35155961 -4.435660e+00 -3.50844123
1.030505366 -1.3802233417 -0.362313597 -7.27535901 -5.298488e+00 -9.15397951
-1.088693452 1.1009458550 -1.869872902 5.55505002 6.421897e+00 8.77642311
0.064062521 1.7215208012 7.144013513 14.66152080 1.591684e+01 16.97193574
-0.559137324 -0.5959485197 -4.460634569 -8.24597581 -8.530857e+00 -9.03063352
1.222409175 1.5121989617 10.193665637 16.11242139 1.685992e+01 20.36568401
0.256767856 -0.1215411281 1.492518293 0.81569361 -1.575829e-02 2.28354376
-0.040948931 -1.1681510559 -1.929754548 -7.39821512 -9.767010e+00 -8.09493161
-1.046476411 -0.5778818375 -3.656447473 -5.17640171 -4.921048e+00 -4.65235968
-0.130816343 1.2141246323 1.394500537 7.34667523 8.564804e+00 8.55769097
-0.035297847 1.0388685440 4.053013473 6.33306460 6.075596e+00 6.63101330
-0.337760211 -0.4947178843 -2.376600546 -3.48525158 -3.258684e+00 -4.52031892
0.420039283 -0.0665436142 1.160002687 1.86389503 1.549799e+00 1.38317988
-0.818066618 -0.7096043575 -5.005270512 -6.66559525 -6.578139e+00 -7.99239242
-1.070115874 -0.0800944983 -2.456171223 -1.70499671 -5.126640e-01 -3.25786904
-0.780286195 2.0462338773 3.280153223 10.90620627 1.068142e+01 13.21480293
-1.038585786 -0.3386439303 -4.728122270 -7.50347594 -8.570713e+00 -10.14300318
-0.668579390 1.7300939426 1.289132559 8.93100295 8.811488e+00 9.79771371
-1.008537023 -2.3576847215 -11.469266740 -19.27768164 -1.854905e+01 -24.04131514
0.616336113 0.9160143608 5.752197489 9.73758940 1.114686e+01 11.73028688
0.958715644 -0.3916805612 2.990271965 0.83283863 6.362026e-01 0.64831374
-1.580979035 0.2331752288 -6.214620206 -2.69349085 -1.390708e+00 -3.28948443
-1.388445151 -0.5981691543 -6.962147987 -8.49919426 -7.395879e+00 -9.32587696
-0.466370636 1.5064118535 1.286254892 7.74493850 6.844549e+00 9.42440638
1.905172535 0.7483221827 9.145780581 12.07239074 1.260753e+01 14.94201596
0.819661486 -0.9737207161 0.775580043 -4.02968920 -3.890741e+00 -3.61738759
1.757902892 1.3813896832 10.282568810 14.92848934 1.474404e+01 18.04953917
-0.938344475 1.3725003504 0.112504614 8.32369530 9.478601e+00 10.24733062
-0.449187064 0.6280872578 0.765639231 4.42064418 5.229991e+00 5.52484372
-1.410717016 1.5169633570 -2.327375556 4.39529100 2.622386e+00 4.20189937
-0.737247984 0.1131373268 -3.921676742 -1.45019116 -5.813240e-01 -2.01685092
1.561115628 0.5542008789 8.826032642 12.10494420 1.147376e+01 14.80831674
0.821332109 -1.5024837322 -0.540380805 -8.49654972 -8.457314e+00 -9.82425290
0.976971770 0.5536377577 7.641344521 9.97101257 1.108783e+01 10.93099125
1.006718238 0.7455676970 6.272987556 7.05411437 6.523736e+00 8.79646634
-1.731400836 0.0822302196 -6.474689005 -3.31757967 -1.963688e+00 -3.61352163
-1.308439229 -0.3069610575 -5.548135108 -4.55151071 -4.471339e+00 -4.04591080
-1.126948992 -1.7068269144 -9.399622240 -16.00172168 -1.690957e+01 -18.44509389
0.997409334 0.1152168701 5.164873979 3.80774501 3.573606e+00 3.86925646
-1.164567515 0.7530801836 -1.561229200 2.08817652 1.874870e+00 2.34530613
0.862667239 0.5578922087 6.191446211 6.11745296 6.512571e+00 6.93833396
-0.350729169 1.5242692457 1.714318159 8.33536992 8.793365e+00 10.16675551
1.940015730 -0.6027731270 5.568660010 -0.74335818 -2.231208e+00 0.52915775
-0.692438591 0.6571892011 -1.136143927 3.08987615 2.277395e+00 2.08049695
-0.800150534 -1.0241453454 -6.940032562 -11.49646729 -1.099173e+01 -14.91582632
-0.508091959 -0.7497456535 -4.045062069 -5.92311357 -4.886391e+00 -7.19898954
1.030211697 0.6820133328 4.883773426 5.96027816 5.050075e+00 5.73600281
0.345770845 -0.4523132266 -0.252116668 -2.29539422 -3.312640e+00 -3.69468864
-0.593885081 -1.3880148389 -5.917195505 -11.65532141 -1.174980e+01 -13.63649901
0.887859752 0.5809884447 6.004471307 6.06246347 5.196771e+00 6.81490090
1.193034628 0.7122339786 7.046387861 8.87150752 9.190327e+00 10.78494294
0.044201737 -1.1101465160 -2.935995549 -6.83476200 -8.282760e+00 -10.46842430
-1.488830236 -0.4995100398 -8.090893821 -8.91001111 -1.039889e+01 -11.96898627
-2.133228567 -0.0445258930 -9.105788624 -7.08983135 -8.661396e+00 -9.80363170
-0.180286805 -1.3862720738 -3.437037528 -7.36185924 -7.939820e+00 -8.21894401
-0.122233423 -0.9146019377 -3.449478856 -8.22742739 -1.000762e+01 -9.45242389
-0.533456819 0.3748588896 -1.244211650 1.30669433 1.342860e+00 1.92176752
0.582710682 0.2934083595 3.003785772 4.09144711 5.544254e+00 3.61088925
-1.793460826 -0.8620248471 -11.270830056 -12.18480616 -1.300934e+01 -14.71615199
-0.618814241 -0.8479006406 -5.026966188 -6.71947237 -7.982131e+00 -9.17430682
-1.899430662 0.5854590909 -6.147479876 0.06088034 1.881425e+00 1.22577421
-0.743650060 0.6917169432 -1.097901413 2.52077708 3.346713e+00 3.93522323
-0.987840805 -1.2461673786 -8.612869279 -10.93526177 -1.106671e+01 -13.42824859
0.172744866 -0.7322161003 -0.576861408 -5.93578879 -5.246198e+00 -9.20073730
0.680890213 0.0809074644 3.487276986 2.88099993 3.015724e+00 1.58454908
0.370105760 0.1299977257 0.564409260 1.64442389 5.378165e-01 1.98439648
1.016248269 0.2089233856 3.820381133 6.70080803 8.129188e+00 6.91713469
-1.558271824 -0.3387564698 -6.387032843 -7.62346861 -7.541878e+00 -8.91239196
-1.682636254 1.4095963106 -1.859151635 6.86043527 6.332616e+00 7.30014168
1.411154533 1.1703956848 9.584294768 13.26206926 1.338204e+01 15.56955219
0.836376850 -0.0987194832 3.929955975 2.98823255 2.470664e+00 3.82046965
0.122289406 -1.1461142879 -2.877523080 -5.83426545 -5.613077e+00 -8.35953336
1.191960029 0.9963200685 9.012706646 10.32943417 1.154568e+01 13.49447963
-0.214072419 0.8752195891 2.690630085 7.93318930 8.131208e+00 10.36533292
1.029751773 0.6386147867 5.515007416 5.84416164 5.752001e+00 8.26295152
0.829787672 2.0151162594 9.948251209 16.54390717 1.603671e+01 18.13530284
-1.294311817 0.5245542909 -3.909857254 -1.62366117 -1.845563e+00 -1.63097774
-0.609736183 -0.9239773906 -5.931054424 -9.35027141 -1.058297e+01 -11.42595455
-1.213095484 -0.2441309980 -4.381782444 -3.21181266 -4.120775e+00 -2.82304479
-1.069629574 0.9929953664 -1.698237116 2.80973528 8.454880e-01 3.11203438
-1.357626066 -2.4739869578 -13.582075272 -22.07850297 -2.138454e+01 -27.40659663
0.623030380 1.2550145760 6.405540510 9.92771407 1.014374e+01 13.07172794
-0.443003468 -1.7459421287 -8.170305792 -12.99126888 -1.347837e+01 -15.65422091
0.168911439 2.3137824535 7.356752414 17.03524921 1.678746e+01 22.11375195
1.359431447 0.5338850464 7.098532486 7.05940061 8.028369e+00 9.54031533
0.397940272 -0.9815376258 -0.427496309 -4.51374041 -4.792121e+00 -7.19259378
-0.809590659 0.3351151844 -2.548018590 4.27561769 2.894712e+00 2.80596759
0.089340594 0.9355564536 2.306513287 6.69529537 4.874985e+00 8.43378989
-0.142026272 0.2713966078 0.590709101 1.16861246 3.006527e+00 2.19728080
0.441459056 0.0277318031 1.915884211 0.96470039 2.739510e+00 1.59993340
1.108743870 0.0684825690 3.323211550 1.77156296 1.973232e+00 1.95455546
0.169234598 -0.4332094519 -1.013659502 -2.24370276 -2.130945e+00 -2.52666140
2.366828560 0.3463868825 11.066891570 9.19096575 9.608366e+00 10.39938296
0.765524356 0.4440754309 4.264903050 4.81037526 4.955079e+00 6.72151206
1.231057501 2.7146068008 14.488862262 24.95175410 2.756253e+01 28.05074163
-0.122646369 1.3117646340 2.213706401 10.05389394 1.054529e+01 10.68745430
0.699272722 -1.1295163333 -1.458582922 -6.78146201 -6.045822e+00 -8.44758143
-1.718871968 0.1864764915 -6.239945119 -1.11464035 -2.868290e+00 -1.44394325
-0.252458092 -0.3409989309 -1.949377679 -2.83385586 -1.953120e+00 -2.20943665
-1.675335637 -0.9774843565 -10.673763262 -13.69424394 -1.238911e+01 -15.53564471
0.670387434 -0.6617035273 1.793956729 -2.42222484 -9.140057e-01 -2.96429018
-1.517507471 1.2471934787 -2.347754488 6.14589709 7.262538e+00 5.96344040
-1.294787356 -0.2132997514 -6.069495058 -8.22947262 -7.603283e+00 -9.74943393
0.386708686 -1.0079994950 -2.853509154 -7.01168281 -6.198812e+00 -6.47360335
-2.112595152 0.2196031783 -8.239431462 -4.39634082 -4.146598e+00 -7.25833713
-0.735406478 2.2185162468 3.589908176 13.70659559 1.338580e+01 16.38027303
0.229414445 -2.2462213107 -5.237127576 -15.89860198 -1.601808e+01 -19.31703929
0.119719031 1.5921263265 3.552419388 11.08052716 1.121969e+01 13.40441979
0.245541089 0.1242143642 0.718693871 0.53321363 2.198070e+00 0.95141539
-0.192389047 0.8872322747 0.783257332 2.81034832 2.666343e+00 3.26627983
1.016530884 0.1194291713 3.140172505 3.23393781 2.417924e+00 3.41875188
0.184875250 -1.7755354328 -3.832368587 -10.85077063 -1.117295e+01 -14.49927462
0.509065802 0.1137638436 0.914782007 0.97076038 2.213211e+00 1.88160377
-0.328190538 -1.5068220721 -5.667881848 -12.14597547 -1.148570e+01 -15.04137979
-2.128377723 -0.5215407642 -10.584521401 -9.04761860 -9.306945e+00 -11.03305937
-1.585388089 0.1578311981 -5.616488954 -1.61528962 -1.512369e+00 -0.54675507
-1.127177524 -0.4690511696 -5.041353792 -7.88930623 -6.395955e+00 -9.51915105
1.822639158 -1.1279973556 3.494887816 -5.24082491 -6.758214e+00 -7.15570155
0.045633771 1.1594660815 2.000881701 6.77596601 6.975157e+00 8.99468799
0.735083527 -0.3922557993 0.840816427 -1.48402480 6.903342e-02 0.66881211
1.232265313 -1.0931578031 1.795309059 -3.77450650 -2.192893e+00 -5.22808995
0.796068960 0.5401478492 5.833876088 7.00245782 6.226274e+00 8.15663940
-0.530410994 1.8228965181 2.982715412 11.76175279 1.051687e+01 14.54357004
-0.954853782 1.3995774559 0.625485350 10.48136159 9.850747e+00 11.62724275
-2.141923925 0.1235590382 -7.901459348 -2.50377985 -3.333178e+00 -3.25899303
0.317457882 -0.9008135033 -2.036025583 -7.34243042 -9.566620e+00 -10.53293731
0.027953687 0.1750245978 0.119772809 0.82358156 1.569147e+00 1.22621366
0.158917338 1.0816063570 3.862380366 7.50848300 7.541951e+00 10.42795252
-1.340881726 -0.2582543339 -6.869919374 -5.73290757 -5.287637e+00 -7.06169771
-0.036228051 0.3402433013 2.103886390 3.33830913 3.509600e+00 2.78723248
0.327160477 0.3734440152 2.999010597 3.23219749 3.993918e+00 2.53407163
0.017635965 -0.8316708724 -1.968980044 -6.48948137 -6.295017e+00 -7.09123242
-1.162793391 -0.3350678353 -6.415759526 -5.32997929 -5.751290e+00 -5.44085561
-0.951276442 1.1332349834 0.174437308 6.10276169 4.925296e+00 6.46889649
0.206451278 -0.0556502944 -0.470547199 -1.15194492 -2.882540e+00 -1.72152042
-0.633330140 0.4593949885 -2.392981501 1.22728747 1.960905e+00 0.16759467
0.355322878 0.2507936505 1.731622713 1.73938198 1.992733e+00 2.06872143
0.862699481 2.0479526681 10.707101440 19.57889240 1.896715e+01 24.89639912
-0.374636461 1.0576242754 1.973797640 7.29701356 8.087201e+00 10.84412379
1.511237764 0.4069264018 6.716432304 7.42698856 5.813533e+00 7.92870968
0.313255216 0.6851940831 4.221268124 4.42270537 4.420128e+00 2.77414452
-1.370729455 -1.1476120759 -9.373350993 -12.35482395 -1.226226e+01 -15.84450877
1.299813623 0.0983075534 6.608461005 5.09335653 4.745782e+00 7.44026219
-0.184194082 -0.0973387757 -1.183398114 -1.25831542 -1.650365e-01 -1.04890659
1.768213615 -0.8254195854 5.599833224 -0.68831546 1.334575e+00 -1.96990946
-0.219132088 0.0273898055 -1.342222162 -0.60937390 -6.085904e-01 -1.15273851
0.167923426 -0.7587260972 -3.199194979 -6.31265942 -5.843759e+00 -6.48655316
-0.890643297 -1.1197548594 -6.462529775 -12.24866042 -1.112586e+01 -15.31761962
-1.524377523 0.8688591913 -2.725003122 2.94535817 1.451433e+00 3.47932739
0.387886879 0.6878550259 1.461878771 4.96819942 5.277135e+00 4.41918101
0.254058384 1.6325940380 5.578173839 13.74023621 1.377655e+01 16.36074144
0.303608028 -0.8006671643 0.918198885 -3.36831891 -2.620676e+00 -4.60221548
-0.613344697 -0.0667245776 -1.919515813 -0.79220656 -3.091839e+00 -0.12964628
-0.120028984 -0.2798256528 -2.183460129 -2.08722365 -3.662379e-02 -2.52419386
0.063298966 0.3044833474 1.954890601 2.06695689 -3.087008e-01 1.77196115
1.138645327 -1.0996203049 0.863886619 -5.42009475 -5.974043e+00 -7.39436310
-0.803359980 -0.8121344428 -6.197425602 -8.48959760 -7.306971e+00 -10.14294557
2.184595939 0.5990358985 10.086759133 10.03127854 1.017267e+01 11.98157851
0.247194399 1.5033221180 4.906654424 10.77248738 1.276606e+01 12.90919713
-0.111073289 -0.5918688536 -0.532000007 -4.69373837 -5.583816e+00 -4.80225061
0.451242444 0.1713402903 2.597583782 4.87039869 4.782299e+00 4.77423106
-0.845467079 -0.5264272948 -6.602338730 -8.20016386 -9.105533e+00 -8.33399255
-0.258437539 -0.5740452532 -2.383177934 -5.30190103 -5.968217e+00 -6.52138025
1.059738790 1.6531978875 9.637514311 15.90790429 1.637644e+01 18.33014976
-0.039402971 -1.2194284120 -3.855311675 -8.65185362 -5.787826e+00 -10.68640826
-0.866527497 0.0214725516 -3.142783693 -1.83279289 -2.788001e+00 -1.16043751
-0.656456773 -1.2439571181 -7.935239582 -11.23594291 -1.199700e+01 -14.41021850
0.417256144 0.7771870512 1.927707909 6.41959675 5.410085e+00 5.42003679
0.332140877 -0.8602115054 -0.816188174 -7.18954375 -6.551902e+00 -9.28629113
0.939367621 -1.3225755681 -2.173819416 -9.07097694 -8.718236e+00 -10.40680366
-0.899826487 0.2443664731 -1.972443487 0.50403062 1.039254e+00 1.23105096
0.362512869 0.3470326943 1.386884828 2.38790306 2.447386e+00 3.44657465
-2.403681607 -1.7812185674 -14.795684395 -18.83072840 -1.961524e+01 -20.84453652
-0.647113937 -0.5338091051 -4.397051912 -6.68489582 -5.835586e+00 -9.01224603
1.385018472 0.4854979945 7.114450814 9.05118364 9.190665e+00 11.83772416
0.625120892 -0.5887645794 -1.014315386 -4.61345590 -5.955381e+00 -6.07066460
-0.912309139 0.1050723191 -4.057804871 -1.59757038 -2.916609e+00 -2.66318457
-1.138478398 0.3267314629 -2.711332978 0.79687834 -1.017038e+00 1.51291492
0.253345134 0.4184117982 0.067136654 -0.29756697 4.557982e-01 -0.24181717
-0.399666449 -0.3424396266 -2.004500426 -2.02500211 -1.273740e+00 -3.73105254
0.060013157 0.1125614166 0.919860013 -0.18868092 -4.118053e-01 -0.80815779
0.335782171 1.1450133521 4.399714303 9.94251338 1.164018e+01 12.22302809
0.423938101 1.1891110798 5.637216875 7.99966052 7.383633e+00 8.81611611
0.366355535 -0.0317095643 1.889015334 1.88749053 9.669604e-01 2.53562161
-0.178703887 0.1103724878 -0.416552891 -0.35254947 -5.247152e-01 -1.74514380
0.978246416 0.2853305962 5.396865479 3.65969707 4.610075e+00 4.31965524
-1.061646518 -0.2069237698 -4.240540927 -4.43111619 -3.456559e+00 -5.21707878
-0.933753857 0.5317778539 -2.363120963 -1.72519373 -3.447216e+00 -2.75139464
-1.340192132 0.2270426612 -3.884952874 -0.72976679 -3.549202e-01 -1.02313051
-0.145143704 -0.5885829822 -2.402376535 -7.00928482 -6.446339e+00 -9.54366898
-2.204592105 0.8129924011 -6.414082298 -1.74009470 -2.625317e+00 -3.02127983
0.171305870 -2.2962921157 -6.202154290 -16.84608316 -1.733451e+01 -19.31498409
0.578740054 0.3446032955 3.709213730 4.68897834 6.400979e+00 3.48336884
0.612567802 -0.3622095522 1.774818098 -0.51623724 7.291512e-01 -0.02690144
1.438892017 1.6461031676 12.534300130 17.38763894 1.647172e+01 19.65599186
-0.555306638 0.7281066796 1.204034831 4.73904480 6.125854e+00 4.51039514
0.115237062 0.6516340551 1.670652306 6.38096161 5.294224e+00 7.03670023
0.083767455 0.3046462178 2.199968441 3.04328774 2.529968e+00 4.11696149
-0.214444154 -0.8092290703 -3.665387020 -6.41734500 -5.803947e+00 -7.34635521
-0.348243202 0.5545960323 1.156005236 4.15825194 3.821012e+00 4.13148288
-0.687149856 -1.3397619458 -6.848325083 -12.17149648 -1.194232e+01 -15.24231646
0.218466367 -0.0387364433 1.492825042 1.18336832 -9.555811e-01 -0.01286090
0.606180703 0.3924853743 4.413464004 7.09014525 7.548756e+00 7.48735247
-0.425217252 1.7537736248 3.477578804 11.29441929 1.013400e+01 13.97526938
-0.838169260 0.0815911459 -2.518456330 -1.47967865 -3.078436e+00 -1.71892111
-0.514550470 -1.1433451822 -5.979724981 -8.46037219 -8.734070e+00 -10.04795998
-1.627785680 0.8013242146 -2.947190936 2.73690900 2.327007e+00 1.87922267
0.573127971 0.1844011204 2.837012093 2.48296984 2.419798e+00 3.96537942
1.348753403 0.4920584363 8.346941528 7.37005314 5.838700e+00 10.01531901
-0.709953833 -0.3687534275 -3.301755392 -5.47930473 -5.798155e+00 -5.28875489
-0.183356593 -0.1565072091 -0.016443440 -0.42821112 1.135333e+00 -1.25425586
-0.568236540 0.4077787697 -0.535180672 1.10103123 1.439275e+00 -1.30584234
-0.855020751 -1.6638868926 -9.386414434 -16.60759888 -1.660131e+01 -19.41285883
-1.315949567 0.0337484674 -5.408054495 -2.13946080 -8.134378e-02 -4.13607264
0.740108681 -0.3585034085 1.574996940 -1.96345416 -1.801268e+00 -1.25801178
-0.051773641 0.1181148872 0.845950765 2.50324842 1.026604e+00 3.94608302
-0.952528468 0.0356501011 -4.714949706 -3.03435585 -2.925532e+00 -1.75504192
0.002086593 -0.0567237457 -0.405898624 -0.93239758 2.660076e-02 -0.11236901
-0.109335786 0.9066789707 3.744753261 6.74489815 5.830027e+00 8.69067259
-0.173887310 2.4300886136 5.287376381 16.07498593 1.578038e+01 18.79401712
-1.463929823 0.8759101010 -1.795059705 2.34816057 2.233478e+00 2.08452020
0.233170744 0.3944657187 0.754521789 2.91674801 3.567091e+00 3.04515761
-0.252782376 0.9434817901 2.951918551 5.37063067 4.667861e+00 6.03789428
0.090072885 0.4828586767 2.903365780 3.36134292 4.629285e+00 3.90239522
1.346097695 0.3346877229 6.878955168 6.77055721 7.146465e+00 7.97152384
-0.390459438 -0.9053962002 -2.831911823 -6.24340524 -6.374403e+00 -9.05132969
0.669637365 1.0801190395 6.114290908 10.46217364 1.194370e+01 11.60909729
0.237310339 -0.7963363820 -0.994535419 -5.09216213 -5.136983e+00 -5.36166817
1.404294503 -0.3519184988 5.076454724 2.75770752 3.426600e+00 4.55731617
-1.356803162 0.3429911547 -3.870912911 -0.86361413 -1.310222e+00 -1.33192392
0.432035554 -1.6167126780 -3.667845259 -9.48091962 -1.130754e+01 -12.22824311
0.248289354 -0.9105173131 -0.778610042 -4.33147614 -3.119722e+00 -4.29118096
0.746185186 1.4193523534 7.216629869 12.29492299 1.218897e+01 13.64207757
-0.259379182 -0.0881011866 -1.751659241 -1.17996413 -1.607833e+00 -1.74929091
-1.321655260 1.8919478335 1.681678198 10.51986926 1.050145e+01 11.28158981
-0.874924619 0.8375354825 -1.930935836 3.03901925 2.811422e+00 3.73071566
1.760389351 -1.0333653962 2.917267529 -1.55542469 -2.149768e+00 -2.67342573
0.109714970 -0.1113148263 1.428609387 0.30785713 9.162423e-01 -0.76999691
1.805282835 0.1476234459 7.141601563 6.64891061 6.800472e+00 9.97576496
-0.034598101 -0.4636209186 -1.187289862 -4.16523617 -5.946787e+00 -5.38983647
-0.013297026 0.8744079759 1.474112162 4.11275831 2.453855e+00 5.68409858
0.454659667 -1.7152418106 -2.292438155 -9.35215898 -9.695414e+00 -9.41722069
-0.164401701 -1.4858546884 -5.429470234 -10.76063931 -9.392864e+00 -13.48645824
0.452691964 1.2339758462 4.611027120 7.79123565 8.880881e+00 10.32580007
0.634441342 1.0206890587 7.148468304 10.91611323 1.108860e+01 13.48344118
0.839477236 1.0643334568 6.737650378 10.81057503 9.237595e+00 13.55821106
-0.024424603 -0.5897379796 -2.052688417 -4.21566797 -4.238264e+00 -5.10021502
0.159503542 0.5028473056 2.972440902 3.60088888 1.974860e+00 4.59207655
-0.560130798 1.3458852129 1.692588718 4.77271002 3.331963e+00 7.15364650
-0.611087924 0.9488555296 0.520344017 4.48141242 3.569643e+00 4.59000890
2.737200324 0.3629290015 12.035610787 9.84760622 9.907963e+00 10.92670436
0.032846832 -1.0061885834 -3.357907454 -5.57843903 -4.992418e+00 -7.49798254
0.106530085 1.2215047873 2.183934375 7.76261231 7.971133e+00 8.35035298
-0.040667774 0.2598100134 2.067357669 1.41740308 1.472646e-01 0.23246482
-0.221982148 0.3203209022 1.222287995 2.13159330 1.854064e+00 3.44051064
0.125279409 -0.9859664701 -2.229373171 -6.43917277 -4.573771e+00 -8.25732903
1.765986309 -1.0553131258 6.321353993 -1.05295294 -2.803550e-01 0.89361478
1.526786652 0.6948564378 7.256166981 10.04945383 1.028731e+01 11.31318958
-2.099966025 -0.4956641297 -10.439283265 -8.82563876 -7.318973e+00 -9.39204524
2.091144520 0.6124853974 9.692659276 11.76913429 1.109219e+01 14.99182656
-0.772631141 0.6459257144 -0.851608588 4.05146507 4.753430e+00 4.89938843
-0.568225625 -1.0664316634 -5.209818140 -9.29680157 -9.752282e+00 -10.76685718
0.748621928 0.0524173790 3.929132970 3.52830691 3.741815e+00 3.84310018
2.368300387 -1.3495906503 4.712452195 -3.90838430 -3.274218e+00 -4.16125475
0.492857269 0.2961251858 2.234350469 1.79672421 1.752928e+00 1.91726099
0.056475610 -0.8226886172 -1.928852045 -4.94515357 -4.894916e+00 -6.34137430
-0.198684553 0.7871264023 1.929447302 4.91902989 3.602379e+00 6.46982754
-1.090579001 1.1749619137 -1.555713586 2.25395824 3.324190e+00 3.97349690
1.475596838 -0.4809825364 4.923588631 0.81809515 5.928272e-01 -0.03241554
1.352480459 -0.4996004291 3.546596941 0.46371762 4.901256e-02 -0.29451812
0.025797023 0.5634329886 2.332256141 5.71188698 5.155327e+00 4.81609935
1.057228822 -0.2027800209 5.065685288 4.10053032 4.317553e+00 5.42922211
-0.758036334 0.2152203655 -3.493450675 -1.09945043 -1.755643e+00 -1.79457177
-1.127009104 -0.4734681948 -8.451594344 -8.76421569 -9.523629e+00 -10.31338361
-0.052162196 0.4404725619 0.304256842 2.54026504 3.535026e+00 4.42679125
0.228595992 2.8363108318 10.990740642 23.12711149 2.292618e+01 28.30378960
-0.508318975 0.2144195012 -0.846968038 0.40882319 5.333204e-02 -0.07682877
-0.119909692 1.8546155129 4.799780455 11.77499757 1.232991e+01 13.60093139
-0.318293338 -0.9845366751 -5.152306904 -7.88453140 -7.716100e+00 -11.33571350
-0.178300083 -2.5699248287 -9.264210047 -18.29523613 -1.717861e+01 -23.72404738
-0.075154888 -0.9202895955 -4.218057208 -7.48495888 -7.701675e+00 -8.88888161
0.316011555 0.3445357372 0.943144266 2.73287540 3.257730e+00 2.60635286
0.345143960 0.4186248886 4.078309683 7.95856959 8.033022e+00 8.31463719
-0.994285508 0.5064354022 -6.201243868 -1.13011785 7.110116e-01 -1.48114652
2.700257842 1.1534633864 14.950452499 16.41324997 1.661051e+01 19.47764307
-0.444801083 -0.6612559460 -4.051440390 -6.53252870 -5.623747e+00 -8.91852581
-0.128102360 -0.2580542544 -1.809711859 -4.11165787 -3.256717e+00 -3.44858149
-0.633458516 0.0930438382 -2.062611300 -0.44004945 -3.258385e-01 0.42484470
-0.852050894 2.7471415037 6.483736355 19.84148005 1.951793e+01 24.46899582
0.962578568 -0.9041708234 1.899220138 -4.56522127 -5.191330e+00 -5.31617847
-0.100120458 0.6163665145 -0.258033444 4.10803157 2.121528e+00 5.02000293
-0.437735940 -1.2338633583 -5.937915083 -9.61221646 -8.815038e+00 -12.83521113
-1.296948469 -0.5827681872 -6.171817579 -8.71647346 -8.512160e+00 -9.96172103
0.152199989 0.2329676962 -0.581022361 -0.02277342 -1.446405e+00 0.28499781
1.859983672 -0.4180848421 8.212474726 4.80674167 4.451606e+00 4.48226236
0.558307876 2.5063273348 8.263994689 17.06572702 1.764155e+01 20.46261510
0.189292407 -0.5121250790 -0.653460596 -2.86590140 -5.290178e+00 -3.89226571
-1.185448592 0.3190974874 -3.421249183 -0.43889775 -2.661412e-01 -1.83990240
-1.212186427 -0.2534183864 -3.982722467 -4.09136224 -4.602612e+00 -4.65501036
0.996706818 1.0918872233 8.349734224 11.26037792 9.832022e+00 13.29538859
-0.489048466 1.5244764031 3.267858915 9.00748157 8.410553e+00 9.83944663
0.530124926 0.1237482876 2.474333753 2.29379416 2.159417e+00 3.38540137
-1.154050440 0.0599534640 -5.166753594 -3.25124688 -1.844713e+00 -3.56036194
1.049118491 1.1198069739 8.766326188 11.89629703 1.344743e+01 14.31822081
0.970782178 0.5299662535 5.851258739 6.84733070 7.108701e+00 9.80679214
-0.484877757 -0.1861176317 -3.043976578 -2.23538134 6.335743e-01 -2.69818361
-1.242539134 0.4957418186 -3.134175874 0.06664298 -1.434709e+00 0.56196698
-0.257079138 -0.2643447612 -1.397221368 -4.74596270 -3.350180e+00 -5.62891751
-0.776215241 0.0938426673 -2.155846618 -1.17256580 -2.434713e-03 -1.39122028
-0.638182572 -0.3855747336 -5.193884342 -5.40738242 -8.102650e+00 -7.19814978
0.511665800 0.1723001719 2.429430185 0.25436674 5.745515e-01 -0.50838214
0.488264938 0.2532584512 2.217610885 2.52386844 2.487208e+00 2.73856565
-0.750270823 0.0237797404 -3.502265364 -0.13951514 9.286450e-01 -0.89339384
1.355343844 -1.8928167411 1.407345847 -8.66667597 -8.724895e+00 -9.38650291
0.464091331 -0.6905794050 0.465534312 -4.77624070 -5.539782e+00 -5.31697090
0.570173089 0.5703845495 4.342342115 4.92606117 5.372133e+00 6.24406310
0.472486505 0.3981977551 3.118251246 3.67883561 3.509629e+00 3.25023331
-0.279733719 0.4391141844 1.116536922 3.88886517 4.790498e+00 4.56241054
1.606300384 1.0163438697 9.915004601 10.81640831 9.976721e+00 12.55486849
-0.319572993 0.1184745809 -1.231011945 1.03869359 2.056877e+00 0.91165430
0.045675612 0.2076905407 0.579882557 0.57001305 -3.463069e-01 1.29544480
-0.472325155 1.8436776680 3.634308990 12.63316257 1.365222e+01 14.03453262
-0.641476595 -0.6950240219 -3.730255726 -5.82523688 -5.845488e+00 -6.69472154
1.599285883 -1.2939723112 3.773314300 -3.22247279 -2.070926e+00 -4.64787880
0.252543883 1.5111989404 5.570676873 12.13645447 1.295711e+01 13.79466799
1.245924378 -0.2170140944 5.357366746 0.76309083 -6.351832e-01 -0.11105947
-0.020450922 -0.6792403263 -1.477773253 -4.95319154 -5.031534e+00 -4.69847131
-0.671208274 0.8670575770 -0.335391091 2.88833514 2.731904e+00 2.56657741
0.665658150 0.1120678683 2.815643605 2.19899358 1.422364e+00 2.04115643
0.731083503 -0.3938949580 1.776738493 -0.48601363 -1.541167e+00 -2.73414474
0.390996338 -0.1749574198 2.087325204 1.38721744 1.593676e+00 2.82266870
-1.636982208 0.1916687242 -6.674827639 -4.58759981 -4.496550e+00 -5.68300417
-0.170411141 1.0756724959 2.387350724 6.59451288 4.607861e+00 8.63267689
1.402777645 -0.3208914179 5.098052887 2.92353699 4.338420e+00 5.73436045
-0.135034169 -1.1016005853 -4.147032498 -6.39109193 -5.696960e+00 -7.87978513
-0.601083926 0.2911458548 -1.065480100 2.17443882 9.811699e-01 2.37490561
-2.763389792 -4.3268977495 -22.108419584 -37.16581388 -3.869522e+01 -46.36092202
0.575257226 0.6641916690 3.469859812 6.86991682 6.788873e+00 8.67088848
1.382283000 -0.8293671258 2.627251995 -0.83104751 -2.182718e+00 -0.85966644
-0.523588618 0.8362589230 1.411059148 4.88160589 4.808819e+00 5.42855043
0.184468618 -1.1073783592 -2.871705156 -8.50961104 -8.454539e+00 -11.02326786
0.403653466 -0.7712078494 -2.092090180 -5.00527554 -5.886453e+00 -5.61790752
1.716282582 1.4480906435 10.849112041 13.41306477 1.411854e+01 16.87360012
0.479620484 1.5331866190 7.319663074 11.07908587 1.063543e+01 12.08468599
1.525271690 0.1659342520 7.237165233 5.55083638 7.544112e+00 7.77718123
1.292616376 -0.9288524639 1.956709674 -3.69175992 -3.713744e+00 -5.75187130
0.386464081 0.6135597057 1.999015050 3.67981004 3.927524e+00 5.56423158
-1.481534085 0.2305052604 -3.420034270 -0.76610942 -9.181090e-01 -2.09810875
-1.448917773 0.6030108332 -5.293963609 1.93902553 3.042627e+00 2.25615869
-0.841223776 -0.8015507835 -6.444139930 -9.79602499 -1.049282e+01 -10.94280911
0.103281868 0.1827285520 0.816029471 2.40107154 2.672119e+00 1.87348430
0.937136455 0.0287410480 1.978090818 0.49957832 1.314274e+00 -1.03748748
0.793665644 1.8386407357 9.348369248 16.02370251 1.739672e+01 18.89310330
1.674619331 1.6236149635 12.155239749 15.87872517 1.502608e+01 18.77447906
-0.517184193 -0.1402021251 -1.494892370 -2.57239314 -3.882812e+00 -2.33499809
0.751762102 -0.8185707380 0.283556418 -3.29382901 -2.731266e+00 -4.55915077
0.211391770 -0.2783593283 0.832115594 -2.13341167 -1.056363e-01 -2.50308468
-1.095253562 -0.6245189322 -6.124152391 -8.33442322 -1.025132e+01 -9.58391796
-0.497230435 -0.0661564559 -1.769988354 -2.85148399 -2.704872e+00 -2.59563541
0.217235579 0.9803630919 3.655506159 7.99649430 8.144163e+00 9.18580670
0.747935730 0.3029947334 3.857487419 4.48545085 5.447292e+00 5.80573883
0.160800656 0.1367281524 2.649909235 1.77144102 2.982819e+00 1.27364763
-1.626048531 0.1165832812 -5.146873479 -3.38359044 -4.952110e+00 -2.44205296
0.246310437 -0.1729332754 0.975459564 -0.58221987 4.721331e-01 -2.31802707
-1.434230760 0.0491488035 -5.330818082 -1.85090021 -3.577147e+00 -1.71957273
1.351331037 -0.5062030055 3.662752526 -0.06664069 4.667120e-01 0.72176103
1.994844703 0.8112553280 10.777376057 12.58081841 1.218059e+01 14.58506465
0.008619896 -1.7925711659 -6.265410326 -14.09829461 -1.408445e+01 -14.58227181
1.143495413 0.2453371319 4.733371066 5.14773765 6.685531e+00 4.93967480
0.771729899 0.2249015326 3.860857930 3.68718902 1.910263e+00 3.88357318
-0.047415045 -0.8726740929 -4.102707065 -8.59887252 -1.027867e+01 -9.57367390
-2.152807568 1.4975235069 -4.247075521 4.11052437 5.557997e+00 6.94326637
0.540241323 -0.8194451229 -0.609449901 -4.53054002 -6.649101e+00 -6.85621378
-1.859890691 0.4567095361 -6.945643653 -2.00833178 -1.830627e+00 -1.00323316
0.433712346 -0.1354387867 1.436580411 -1.02475540 1.145128e+00 -0.24945267
-1.928064838 -0.3246716243 -7.734896767 -6.13695393 -5.359006e+00 -7.36916937
0.982317862 0.0321040177 2.652249152 1.08330323 1.772610e+00 2.27690874
-0.830391947 0.9872875530 0.546344556 4.32483298 4.608095e+00 6.41273434
-1.049762696 -1.1416022823 -7.394884252 -12.60782999 -1.226886e+01 -14.51344723
0.810128773 -0.0136750136 2.656485305 0.68726646 6.028499e-01 1.18067016
-1.407675187 1.0706280850 -3.390726938 3.60209456 4.290184e+00 2.70815305
1.675623260 -0.3855130734 6.184764919 2.42167620 3.836960e+00 3.85000770
-0.220675553 -0.6874465485 -3.904148119 -6.31660498 -5.951907e+00 -6.82166678
-0.083904108 -1.9061838133 -6.165386220 -14.99044611 -1.510448e+01 -16.96029553
-0.009087163 -1.2383955032 -2.579378999 -8.00469598 -9.217133e+00 -9.81465168
0.753101041 1.0668845921 6.958165708 9.67869072 9.116808e+00 12.47019925
1.454732470 0.5686413982 7.529630103 8.16225414 6.994918e+00 11.22578894
1.440035909 -0.5977071369 3.451505967 -0.92973024 -2.005329e-01 -2.83514731
-0.444372417 -0.3538949992 -2.081890364 -1.06179417 -2.864448e-01 -1.56161345
0.699855131 -1.1332291590 -2.159642818 -5.80602697 -4.680827e+00 -6.78836919
1.628276798 0.6454401581 8.489445242 8.84031044 9.258072e+00 10.32202912
0.523310107 -0.7268733548 -0.045209575 -3.84145386 -3.239723e+00 -3.72109289
-0.085898146 0.9916027284 1.207452278 5.07595072 5.017825e+00 6.81297635
-0.492362460 -0.9101762485 -8.386918288 -10.08628545 -1.150539e+01 -13.03128167
1.079207821 -0.2947198954 3.430154962 0.37591919 1.862534e+00 0.33260740
-0.399068371 0.1717967927 -1.661014893 0.40176853 -1.540255e-01 0.09624816
-1.357591254 1.2849643405 -1.777379731 5.39434971 6.031429e+00 5.57509778
-0.647541770 -0.6052210931 -4.395582770 -6.76524866 -8.084512e+00 -7.64650745
0.242433205 -1.8384254267 -5.216111377 -15.41625320 -1.528772e+01 -19.87432008
-0.627219104 1.0445885442 -0.204784060 5.89504214 7.692666e+00 5.19705723
-0.466126553 1.7705474294 2.706524388 10.34570437 1.143547e+01 11.42954904
1.580348471 -0.3829160396 6.566066046 1.83085675 1.531352e+00 1.97472393
-0.001816138 0.2285316453 -0.342204497 -0.23087550 -2.763834e+00 0.26461306
1.403224075 -0.2322137769 8.161018406 4.41472466 4.813689e+00 6.28376498
1.089830985 0.4139319320 5.835869725 7.18174708 6.728849e+00 7.21038485
0.382207960 -0.0796755234 2.641988253 1.14392144 1.768287e-01 4.11396431
-1.772549352 -0.7205872614 -9.348309488 -11.01655484 -1.013483e+01 -13.00255758
-0.742305501 2.0286240554 2.682776238 11.71237570 1.120534e+01 13.62138180
-0.600841074 0.3143101554 -0.064030684 2.09274920 2.742043e+00 2.50768436
-0.931212599 0.2989832794 -2.433301297 0.36806517 7.895812e-01 0.90665651
1.417597610 1.1451193728 9.744077430 14.66146919 1.520591e+01 16.87713141
0.636460144 -0.7501064693 -0.642428216 -5.66379572 -5.084162e+00 -7.02771133
-0.737900435 -0.5308771151 -4.590775512 -5.94798407 -8.118887e+00 -7.06145364
-0.733373733 -0.8724126402 -5.367292477 -8.20803312 -7.608970e+00 -9.70852592
0.493139327 -0.4984038112 0.591730164 -1.92925582 -1.502527e-01 -1.83303939
-0.512313706 1.0592447408 0.503248572 4.51643198 3.528543e+00 6.47185070
0.704331115 1.2535533108 6.828208345 12.43978231 1.368276e+01 15.22463434
-0.975684613 -0.4693013714 -5.015321972 -6.61369064 -6.040913e+00 -7.60605930
0.825526844 -0.4043869487 1.249721245 -1.58754696 -1.400578e+00 -2.56291100
-0.080937736 -0.0922795969 -0.716738757 -0.35977641 -9.364729e-01 0.06089636
0.535565993 0.0303182036 2.141892464 1.66423421 3.165289e+00 0.81746120
0.498674485 -0.2859810957 -0.235430579 -1.34637971 -2.114731e+00 -1.91990441
-1.905075027 0.1487659323 -7.718226450 -6.15118491 -6.227616e+00 -8.56639163
